% Script to calculate Southwest points to dollar conversion.

Points = [66360 52700 22648;
    66360 52700 22648;
    66360 52700 18924;
    66360 52700 15762;
    66360 52700 13392;
    66360 52700 27378;
    66360 52700 10584;
    66360 52700 10584;
    66360 52700 18924;
    66360 52700 10583];

Dollars = [618 590 343;
    618 590 343;
    618 590 290;
    618 590 252;
    618 590 223;
    622 540 405;
    622 594 186;
    622 594 186;
    618 590 290;
    618 590 181];
